﻿did,pid,start_time,pro_time,finish_time
0,16,0,13,13
0,22,13,13,26
0,26,26,16,42
0,38,42,16,58
0,44,58,18,76
0,4,76,14,90
0,42,104.0,18,122.0
0,48,163.0,18,181.0
1,47,0,12,12
1,59,12,12,24
1,37,24,15,39
1,50,39,20,59
1,13,79.0,10,89.0
1,19,89.0,11,100.0
1,0,115.0,13,128.0
1,54,128.0,19,147.0
2,27,0,10,10
2,29,10,10,20
2,10,20,11,31
2,36,31,12,43
2,41,43,12,55
2,57,55,14,69
2,43,69,19,88
2,42,88,16,104
3,12,0,11,11
3,20,11,18,29
3,51,29,18,47
3,53,47,18,65
3,23,65,19,84
3,34,84,20,104
3,19,104,10,114
3,4,114,15,129
4,5,0,10,10
4,25,10,10,20
4,35,20,13,33
4,32,33,15,48
4,14,48,20,68
4,24,68,20,88
4,39,88,20,108
4,54,147.0,15,162.0
5,58,0,11,11
5,31,11,12,23
5,30,23,16,39
5,13,89.0,10,99.0
5,0,99.0,16,115.0
5,42,122.0,14,136.0
5,54,162.0,16,178.0
5,17,178.0,19,197.0
6,55,0,15,15
6,40,15,16,31
6,8,31,18,49
6,33,49,20,69
6,13,69,10,79
6,19,114.0,15,129.0
6,48,129.0,20,149.0
6,56,158.0,18,176.0
7,1,0,11,11
7,11,11,11,22
7,49,22,12,34
7,6,34,18,52
7,2,52,19,71
7,0,128.0,16,144.0
7,56,144.0,14,158.0
7,17,158.0,15,173.0
8,3,0,10,10
8,9,10,14,24
8,46,24,17,41
8,45,41,20,61
8,4,129.0,13,142.0
8,48,149.0,14,163.0
9,7,0,14,14
9,21,14,15,29
9,15,29,16,45
9,18,45,17,62
9,52,62,17,79
9,28,79,18,97
9,56,97,20,117
9,17,197.0,20,217.0
