﻿did,pid,start_time,pro_time,finish_time
0,48,0,18,18
0,42,18,18,36
0,4,36,14,50
0,44,50,18,68
0,26,68,16,84
0,38,84,16,100
0,16,100,13,113
0,22,113,13,126
1,54,35.0,19,54.0
1,0,66.0,13,79.0
1,19,79.0,11,90.0
1,13,115.0,10,125.0
1,50,125.0,20,145.0
1,37,145.0,15,160.0
1,47,160.0,12,172.0
1,59,172.0,12,184.0
2,42,0,16,16
2,43,16,19,35
2,57,35,14,49
2,36,49,12,61
2,41,61,12,73
2,10,73,11,84
2,27,84,10,94
2,29,94,10,104
3,4,50.0,15,65.0
3,19,105.0,10,115.0
3,34,115.0,20,135.0
3,23,135.0,19,154.0
3,20,154.0,18,172.0
3,51,172.0,18,190.0
3,53,190.0,18,208.0
3,12,208.0,11,219.0
4,54,54.0,15,69.0
4,14,69.0,20,89.0
4,24,89.0,20,109.0
4,39,109.0,20,129.0
4,32,129.0,15,144.0
4,35,144.0,13,157.0
4,5,157.0,10,167.0
4,25,167.0,10,177.0
5,17,0,19,19
5,54,19,16,35
5,42,36.0,14,50.0
5,0,50.0,16,66.0
5,13,66.0,10,76.0
5,30,76.0,16,92.0
5,31,92.0,12,104.0
5,58,104.0,11,115.0
6,48,32.0,20,52.0
6,56,52.0,18,70.0
6,19,90.0,15,105.0
6,13,105.0,10,115.0
6,33,115.0,20,135.0
6,8,135.0,18,153.0
6,40,153.0,16,169.0
6,55,169.0,15,184.0
7,17,39.0,15,54.0
7,56,70.0,14,84.0
7,0,84.0,16,100.0
7,2,100.0,19,119.0
7,6,119.0,18,137.0
7,49,137.0,12,149.0
7,1,149.0,11,160.0
7,11,160.0,11,171.0
8,48,18.0,14,32.0
8,4,65.0,13,78.0
8,45,78.0,20,98.0
8,46,98.0,17,115.0
8,9,115.0,14,129.0
8,3,129.0,10,139.0
9,17,19.0,20,39.0
9,56,84.0,20,104.0
9,28,104.0,18,122.0
9,18,122.0,17,139.0
9,52,139.0,17,156.0
9,15,156.0,16,172.0
9,21,172.0,15,187.0
9,7,187.0,14,201.0
