﻿did,pid,start_time,pro_time,finish_time
0,22,0,13,13
0,38,13,16,29
0,26,29,16,45
0,16,45,13,58
0,44,58,18,76
0,42,76,18,94
0,4,119.0,14,133.0
0,48,133.0,18,151.0
1,59,0,12,12
1,47,12,12,24
1,37,24,15,39
1,50,39,20,59
1,54,59,19,78
1,19,84.0,11,95.0
1,13,124.0,10,134.0
1,0,134.0,13,147.0
2,41,0,12,12
2,29,12,10,22
2,36,22,12,34
2,10,34,11,45
2,27,45,10,55
2,57,55,14,69
2,43,69,19,88
2,42,94.0,16,110.0
3,53,0,18,18
3,20,18,18,36
3,12,36,11,47
3,34,47,20,67
3,51,67,18,85
3,23,85,19,104
3,4,104,15,119
3,19,119,10,129
4,14,0,20,20
4,32,20,15,35
4,39,35,20,55
4,25,55,10,65
4,24,65,20,85
4,5,85,10,95
4,35,95,13,108
4,54,172.0,15,187.0
5,30,0,16,16
5,31,16,12,28
5,58,28,11,39
5,0,39,16,55
5,13,114.0,10,124.0
5,17,137.0,19,156.0
5,54,156.0,16,172.0
5,42,172.0,14,186.0
6,40,0,16,16
6,8,16,18,34
6,55,34,15,49
6,33,49,20,69
6,19,69,15,84
6,48,84,20,104
6,13,104,10,114
6,56,117.0,18,135.0
7,11,0,11,11
7,1,11,11,22
7,2,22,19,41
7,6,41,18,59
7,49,59,12,71
7,0,71,16,87
7,56,135.0,14,149.0
7,17,156.0,15,171.0
8,46,0,17,17
8,45,17,20,37
8,9,37,14,51
8,3,51,10,61
8,4,133.0,13,146.0
8,48,151.0,14,165.0
9,21,0,15,15
9,52,15,17,32
9,18,32,17,49
9,28,49,18,67
9,7,67,14,81
9,15,81,16,97
9,56,97,20,117
9,17,117,20,137
