﻿did,pid,start_time,pro_time,finish_time
0,22,0,13,13
0,16,13,13,26
0,4,26,14,40
0,26,40,16,56
0,38,56,16,72
0,42,85.0,18,103.0
0,44,103.0,18,121.0
0,48,121.0,18,139.0
1,13,10.0,10,20.0
1,19,20.0,11,31.0
1,59,31.0,12,43.0
1,47,43.0,12,55.0
1,0,55.0,13,68.0
1,37,68.0,15,83.0
1,54,83.0,19,102.0
1,50,102.0,20,122.0
2,29,0,10,10
2,27,10,10,20
2,10,20,11,31
2,41,31,12,43
2,36,43,12,55
2,57,55,14,69
2,42,69,16,85
2,43,85,19,104
3,19,0,10,10
3,12,10,11,21
3,4,40.0,15,55.0
3,20,55.0,18,73.0
3,53,73.0,18,91.0
3,51,91.0,18,109.0
3,23,109.0,19,128.0
3,34,128.0,20,148.0
4,5,0,10,10
4,25,10,10,20
4,35,20,13,33
4,54,33,15,48
4,32,48,15,63
4,14,63,20,83
4,24,83,20,103
4,39,103,20,123
5,13,0,10,10
5,58,10,11,21
5,31,21,12,33
5,42,33,14,47
5,54,48.0,16,64.0
5,30,64.0,16,80.0
5,0,84.0,16,100.0
5,17,100.0,19,119.0
6,13,20.0,10,30.0
6,55,30.0,15,45.0
6,19,45.0,15,60.0
6,40,60.0,16,76.0
6,56,76.0,18,94.0
6,8,94.0,18,112.0
6,33,112.0,20,132.0
6,48,139.0,20,159.0
7,1,0,11,11
7,11,11,11,22
7,49,22,12,34
7,56,34,14,48
7,17,48,15,63
7,0,68.0,16,84.0
7,6,84.0,18,102.0
7,2,102.0,19,121.0
8,3,0,10,10
8,4,10,13,23
8,48,23,14,37
8,9,37,14,51
8,46,51,17,68
8,45,68,20,88
9,7,0,14,14
9,21,14,15,29
9,15,29,16,45
9,18,45,17,62
9,52,62,17,79
9,28,79,18,97
9,56,97,20,117
9,17,119.0,20,139.0
