﻿did,pid,start_time,pro_time,finish_time,step
0,26,0,16,16,14
0,44,16,18,34,19
0,38,34,16,50,33
0,42,50,18,68,36
0,4,68,14,82,48
0,22,82,13,95,49
0,16,95,13,108,60
0,48,122,18,140,68
1,37,0,15,15,6
1,50,15,20,35,9
1,13,35,10,45,26
1,19,45,11,56,30
1,47,56,12,68,34
1,0,68,13,81,41
1,59,81,12,93,43
1,54,93,19,112,74
2,36,0,12,12,0
2,41,12,12,24,15
2,57,24,14,38,24
2,43,38,19,57,51
2,27,57,10,67,61
2,10,67,11,78,62
2,29,78,10,88,71
2,42,88,16,104,77
3,12,0,11,11,13
3,4,11,15,26,16
3,23,26,19,45,17
3,51,45,18,63,31
3,53,63,18,81,54
3,20,81,18,99,57
3,19,102,10,112,65
3,34,112,20,132,75
4,35,0,13,13,7
4,39,13,20,33,21
4,5,33,10,43,35
4,25,43,10,53,52
4,14,53,20,73,55
4,24,73,20,93,64
4,32,93,15,108,69
4,54,112,15,127,76
5,42,0,14,14,1
5,17,14,19,33,10
5,58,33,11,44,18
5,13,45,10,55,27
5,54,55,16,71,37
5,30,71,16,87,56
5,31,87,12,99,66
5,0,99,16,115,72
6,40,0,16,16,8
6,8,16,18,34,12
6,33,34,20,54,29
6,56,54,18,72,39
6,55,72,15,87,40
6,19,87,15,102,53
6,48,102,20,122,58
6,13,122,10,132,70
7,11,0,11,11,2
7,6,11,18,29,3
7,17,33,15,48,23
7,2,48,19,67,25
7,49,67,12,79,42
7,0,81,16,97,44
7,1,97,11,108,67
7,56,108,14,122,73
8,46,0,17,17,5
8,3,17,10,27,22
8,4,27,13,40,28
8,48,40,14,54,32
8,9,54,14,68,38
8,45,68,20,88,47
9,18,0,17,17,4
9,21,17,15,32,11
9,15,32,16,48,20
9,7,48,14,62,45
9,56,72,20,92,46
9,17,92,20,112,50
9,52,112,17,129,59
9,28,129,18,147,63
